45 #SUP: 242023
9 45 #SUP: 222620
7 9 45 #SUP: 222620
7 45 #SUP: 222620
2 45 #SUP: 230388
2 3 45 #SUP: 228765
3 45 #SUP: 240119
40 45 #SUP: 242023
9 40 45 #SUP: 222620
7 9 40 45 #SUP: 222620
7 40 45 #SUP: 222620
2 40 45 #SUP: 230388
2 3 40 45 #SUP: 228765
3 40 45 #SUP: 240119
6 40 45 #SUP: 242023
6 9 40 45 #SUP: 222620
6 7 9 40 45 #SUP: 222620
6 7 40 45 #SUP: 222620
2 6 40 45 #SUP: 230388
2 3 6 40 45 #SUP: 228765
3 6 40 45 #SUP: 240119
4 40 45 #SUP: 242023
4 9 40 45 #SUP: 222620
4 7 9 40 45 #SUP: 222620
4 7 40 45 #SUP: 222620
2 4 40 45 #SUP: 230388
2 3 4 40 45 #SUP: 228765
3 4 40 45 #SUP: 240119
4 6 40 45 #SUP: 242023
4 6 9 40 45 #SUP: 222620
4 6 7 9 40 45 #SUP: 222620
4 6 7 40 45 #SUP: 222620
2 4 6 40 45 #SUP: 230388
2 3 4 6 40 45 #SUP: 228765
3 4 6 40 45 #SUP: 240119
6 45 #SUP: 242023
6 9 45 #SUP: 222620
6 7 9 45 #SUP: 222620
6 7 45 #SUP: 222620
2 6 45 #SUP: 230388
2 3 6 45 #SUP: 228765
3 6 45 #SUP: 240119
4 45 #SUP: 242023
4 9 45 #SUP: 222620
4 7 9 45 #SUP: 222620
4 7 45 #SUP: 222620
2 4 45 #SUP: 230388
2 3 4 45 #SUP: 228765
3 4 45 #SUP: 240119
4 6 45 #SUP: 242023
4 6 9 45 #SUP: 222620
4 6 7 9 45 #SUP: 222620
4 6 7 45 #SUP: 222620
2 4 6 45 #SUP: 230388
2 3 4 6 45 #SUP: 228765
3 4 6 45 #SUP: 240119
40 #SUP: 242023
9 40 #SUP: 222620
7 9 40 #SUP: 222620
7 40 #SUP: 222620
2 40 #SUP: 230388
2 3 40 #SUP: 228765
3 40 #SUP: 240119
6 40 #SUP: 242023
6 9 40 #SUP: 222620
6 7 9 40 #SUP: 222620
6 7 40 #SUP: 222620
2 6 40 #SUP: 230388
2 3 6 40 #SUP: 228765
3 6 40 #SUP: 240119
4 40 #SUP: 242023
4 9 40 #SUP: 222620
4 7 9 40 #SUP: 222620
4 7 40 #SUP: 222620
2 4 40 #SUP: 230388
2 3 4 40 #SUP: 228765
3 4 40 #SUP: 240119
4 6 40 #SUP: 242023
4 6 9 40 #SUP: 222620
4 6 7 9 40 #SUP: 222620
4 6 7 40 #SUP: 222620
2 4 6 40 #SUP: 230388
2 3 4 6 40 #SUP: 228765
3 4 6 40 #SUP: 240119
23 #SUP: 259113
2 23 #SUP: 229137
2 3 23 #SUP: 229137
9 23 #SUP: 232412
2 9 23 #SUP: 226499
2 3 9 23 #SUP: 226499
7 9 23 #SUP: 232412
3 7 9 23 #SUP: 232412
2 7 9 23 #SUP: 226499
2 3 7 9 23 #SUP: 226499
3 9 23 #SUP: 232412
7 23 #SUP: 232412
3 7 23 #SUP: 232412
2 7 23 #SUP: 226499
2 3 7 23 #SUP: 226499
3 23 #SUP: 259113
31 #SUP: 260938
3 31 #SUP: 260938
44 #SUP: 270393
2 44 #SUP: 245985
2 3 44 #SUP: 245985
9 44 #SUP: 246581
2 9 44 #SUP: 241760
2 3 9 44 #SUP: 241760
7 9 44 #SUP: 246581
3 7 9 44 #SUP: 246581
2 7 9 44 #SUP: 241760
2 3 7 9 44 #SUP: 241760
3 9 44 #SUP: 246581
7 44 #SUP: 246581
3 7 44 #SUP: 246581
2 7 44 #SUP: 241760
2 3 7 44 #SUP: 241760
3 44 #SUP: 270393
43 #SUP: 273654
9 43 #SUP: 242897
2 9 43 #SUP: 238501
2 3 9 43 #SUP: 238501
7 9 43 #SUP: 242897
3 7 9 43 #SUP: 242897
2 7 9 43 #SUP: 238501
2 3 7 9 43 #SUP: 238501
3 9 43 #SUP: 242897
7 43 #SUP: 242897
3 7 43 #SUP: 242897
2 7 43 #SUP: 238501
2 3 7 43 #SUP: 238501
2 43 #SUP: 243479
2 3 43 #SUP: 243479
3 43 #SUP: 273654
13 #SUP: 275480
3 13 #SUP: 275480
13 16 #SUP: 235919
3 13 16 #SUP: 235919
8 #SUP: 278368
2 8 #SUP: 243972
2 3 8 #SUP: 243972
8 9 #SUP: 247862
2 8 9 #SUP: 240886
2 3 8 9 #SUP: 240886
7 8 9 #SUP: 247862
3 7 8 9 #SUP: 247862
2 7 8 9 #SUP: 240886
2 3 7 8 9 #SUP: 240886
3 8 9 #SUP: 247862
7 8 #SUP: 247862
3 7 8 #SUP: 247862
2 7 8 #SUP: 240886
2 3 7 8 #SUP: 240886
8 11 #SUP: 270568
2 8 11 #SUP: 238212
2 3 8 11 #SUP: 238212
8 9 11 #SUP: 241992
2 8 9 11 #SUP: 235213
2 3 8 9 11 #SUP: 235213
7 8 9 11 #SUP: 241992
3 7 8 9 11 #SUP: 241992
2 7 8 9 11 #SUP: 235213
2 3 7 8 9 11 #SUP: 235213
3 8 9 11 #SUP: 241992
7 8 11 #SUP: 241992
3 7 8 11 #SUP: 241992
2 7 8 11 #SUP: 235213
2 3 7 8 11 #SUP: 235213
3 8 11 #SUP: 270568
3 8 #SUP: 278368
52 #SUP: 282368
9 52 #SUP: 249774
2 9 52 #SUP: 245490
2 3 9 52 #SUP: 245490
7 9 52 #SUP: 249774
3 7 9 52 #SUP: 249774
2 7 9 52 #SUP: 245490
2 3 7 9 52 #SUP: 245490
3 9 52 #SUP: 249774
7 52 #SUP: 249774
3 7 52 #SUP: 249774
2 7 52 #SUP: 245490
2 3 7 52 #SUP: 245490
2 52 #SUP: 251821
2 3 52 #SUP: 251821
3 52 #SUP: 282368
48 #SUP: 290955
34 48 #SUP: 230739
3 34 48 #SUP: 229906
2 48 #SUP: 246250
2 3 48 #SUP: 243870
9 48 #SUP: 247071
2 9 48 #SUP: 241932
2 3 9 48 #SUP: 239571
3 9 48 #SUP: 244618
7 9 48 #SUP: 247071
2 7 9 48 #SUP: 241932
2 3 7 9 48 #SUP: 239571
3 7 9 48 #SUP: 244618
7 48 #SUP: 247071
2 7 48 #SUP: 241932
2 3 7 48 #SUP: 239571
3 7 48 #SUP: 244618
3 48 #SUP: 288112
63 #SUP: 293805
16 63 #SUP: 229260
3 16 63 #SUP: 229260
9 63 #SUP: 243789
2 9 63 #SUP: 237815
2 3 9 63 #SUP: 237815
7 9 63 #SUP: 243789
3 7 9 63 #SUP: 243789
2 7 9 63 #SUP: 237815
2 3 7 9 63 #SUP: 237815
3 9 63 #SUP: 243789
7 63 #SUP: 243789
3 7 63 #SUP: 243789
2 7 63 #SUP: 237815
2 3 7 63 #SUP: 237815
2 63 #SUP: 246149
2 3 63 #SUP: 246149
3 63 #SUP: 293805
41 #SUP: 302517
4 41 #SUP: 261412
4 9 41 #SUP: 240535
2 4 9 41 #SUP: 236764
2 3 4 9 41 #SUP: 236764
4 7 9 41 #SUP: 240535
3 4 7 9 41 #SUP: 240535
2 4 7 9 41 #SUP: 236764
2 3 4 7 9 41 #SUP: 236764
3 4 9 41 #SUP: 240535
4 7 41 #SUP: 240535
3 4 7 41 #SUP: 240535
2 4 7 41 #SUP: 236764
2 3 4 7 41 #SUP: 236764
2 4 41 #SUP: 246676
2 3 4 41 #SUP: 246676
4 6 41 #SUP: 261412
4 6 9 41 #SUP: 240535
2 4 6 9 41 #SUP: 236764
2 3 4 6 9 41 #SUP: 236764
4 6 7 9 41 #SUP: 240535
3 4 6 7 9 41 #SUP: 240535
2 4 6 7 9 41 #SUP: 236764
2 3 4 6 7 9 41 #SUP: 236764
3 4 6 9 41 #SUP: 240535
4 6 7 41 #SUP: 240535
3 4 6 7 41 #SUP: 240535
2 4 6 7 41 #SUP: 236764
2 3 4 6 7 41 #SUP: 236764
2 4 6 41 #SUP: 246676
2 3 4 6 41 #SUP: 246676
3 4 6 41 #SUP: 261412
3 4 41 #SUP: 261412
6 41 #SUP: 271675
6 9 41 #SUP: 249786
2 6 9 41 #SUP: 245904
2 3 6 9 41 #SUP: 245904
6 7 9 41 #SUP: 249786
3 6 7 9 41 #SUP: 249786
2 6 7 9 41 #SUP: 245904
2 3 6 7 9 41 #SUP: 245904
3 6 9 41 #SUP: 249786
6 7 41 #SUP: 249786
3 6 7 41 #SUP: 249786
2 6 7 41 #SUP: 245904
2 3 6 7 41 #SUP: 245904
2 6 41 #SUP: 256121
2 3 6 41 #SUP: 256121
3 6 41 #SUP: 271675
9 41 #SUP: 278562
2 9 41 #SUP: 274359
2 3 9 41 #SUP: 274359
7 9 41 #SUP: 278562
3 7 9 41 #SUP: 278562
2 7 9 41 #SUP: 274359
2 3 7 9 41 #SUP: 274359
3 9 41 #SUP: 278562
7 41 #SUP: 278562
3 7 41 #SUP: 278562
2 7 41 #SUP: 274359
2 3 7 41 #SUP: 274359
2 41 #SUP: 285254
2 3 41 #SUP: 285254
3 41 #SUP: 302517
36 #SUP: 307059
2 36 #SUP: 267469
2 3 36 #SUP: 265133
9 36 #SUP: 270202
2 9 36 #SUP: 263483
2 3 9 36 #SUP: 261167
3 9 36 #SUP: 267748
7 9 36 #SUP: 270202
2 7 9 36 #SUP: 263483
2 3 7 9 36 #SUP: 261167
3 7 9 36 #SUP: 267748
7 36 #SUP: 270202
2 7 36 #SUP: 263483
2 3 7 36 #SUP: 261167
3 7 36 #SUP: 267748
3 36 #SUP: 303906
28 #SUP: 311343
2 28 #SUP: 282648
2 3 28 #SUP: 279037
9 28 #SUP: 283551
2 9 28 #SUP: 278115
2 3 9 28 #SUP: 274521
3 9 28 #SUP: 279844
7 9 28 #SUP: 283551
2 7 9 28 #SUP: 278115
2 3 7 9 28 #SUP: 274521
3 7 9 28 #SUP: 279844
7 28 #SUP: 283551
2 7 28 #SUP: 278115
2 3 7 28 #SUP: 274521
3 7 28 #SUP: 279844
3 28 #SUP: 307210
14 #SUP: 311801
14 24 #SUP: 277670
2 14 24 #SUP: 257146
2 3 14 24 #SUP: 257146
9 14 24 #SUP: 258755
2 9 14 24 #SUP: 253831
2 3 9 14 24 #SUP: 253831
7 9 14 24 #SUP: 258755
3 7 9 14 24 #SUP: 258755
2 7 9 14 24 #SUP: 253831
2 3 7 9 14 24 #SUP: 253831
3 9 14 24 #SUP: 258755
7 14 24 #SUP: 258755
3 7 14 24 #SUP: 258755
2 7 14 24 #SUP: 253831
2 3 7 14 24 #SUP: 253831
3 14 24 #SUP: 277670
14 25 #SUP: 285934
14 24 25 #SUP: 263794
2 14 24 25 #SUP: 244754
2 3 14 24 25 #SUP: 244754
9 14 24 25 #SUP: 246126
2 9 14 24 25 #SUP: 241643
2 3 9 14 24 25 #SUP: 241643
7 9 14 24 25 #SUP: 246126
3 7 9 14 24 25 #SUP: 246126
2 7 9 14 24 25 #SUP: 241643
2 3 7 9 14 24 25 #SUP: 241643
3 9 14 24 25 #SUP: 246126
7 14 24 25 #SUP: 246126
3 7 14 24 25 #SUP: 246126
2 7 14 24 25 #SUP: 241643
2 3 7 14 24 25 #SUP: 241643
3 14 24 25 #SUP: 263794
2 14 25 #SUP: 265028
2 3 14 25 #SUP: 265028
9 14 25 #SUP: 266480
2 9 14 25 #SUP: 261620
2 3 9 14 25 #SUP: 261620
7 9 14 25 #SUP: 266480
3 7 9 14 25 #SUP: 266480
2 7 9 14 25 #SUP: 261620
2 3 7 9 14 25 #SUP: 261620
3 9 14 25 #SUP: 266480
7 14 25 #SUP: 266480
3 7 14 25 #SUP: 266480
2 7 14 25 #SUP: 261620
2 3 7 14 25 #SUP: 261620
3 14 25 #SUP: 285934
2 14 #SUP: 287477
2 3 14 #SUP: 287477
9 14 #SUP: 289154
2 9 14 #SUP: 283542
2 3 9 14 #SUP: 283542
7 9 14 #SUP: 289154
3 7 9 14 #SUP: 289154
2 7 9 14 #SUP: 283542
2 3 7 9 14 #SUP: 283542
3 9 14 #SUP: 289154
7 14 #SUP: 289154
3 7 14 #SUP: 289154
2 7 14 #SUP: 283542
2 3 7 14 #SUP: 283542
3 14 #SUP: 311801
18 #SUP: 312145
2 18 #SUP: 274317
2 3 18 #SUP: 264439
9 18 #SUP: 279969
3 9 18 #SUP: 269884
2 9 18 #SUP: 271415
2 3 9 18 #SUP: 261610
7 9 18 #SUP: 279969
3 7 9 18 #SUP: 269884
2 7 9 18 #SUP: 271415
2 3 7 9 18 #SUP: 261610
7 18 #SUP: 279969
3 7 18 #SUP: 269884
2 7 18 #SUP: 271415
2 3 7 18 #SUP: 261610
3 18 #SUP: 301118
18 20 #SUP: 312145
2 18 20 #SUP: 274317
2 3 18 20 #SUP: 264439
9 18 20 #SUP: 279969
3 9 18 20 #SUP: 269884
2 9 18 20 #SUP: 271415
2 3 9 18 20 #SUP: 261610
7 9 18 20 #SUP: 279969
3 7 9 18 20 #SUP: 269884
2 7 9 18 20 #SUP: 271415
2 3 7 9 18 20 #SUP: 261610
7 18 20 #SUP: 279969
3 7 18 20 #SUP: 269884
2 7 18 20 #SUP: 271415
2 3 7 18 20 #SUP: 261610
3 18 20 #SUP: 301118
6 18 20 #SUP: 312145
2 6 18 20 #SUP: 274317
2 3 6 18 20 #SUP: 264439
6 9 18 20 #SUP: 279969
3 6 9 18 20 #SUP: 269884
2 6 9 18 20 #SUP: 271415
2 3 6 9 18 20 #SUP: 261610
6 7 9 18 20 #SUP: 279969
3 6 7 9 18 20 #SUP: 269884
2 6 7 9 18 20 #SUP: 271415
2 3 6 7 9 18 20 #SUP: 261610
6 7 18 20 #SUP: 279969
3 6 7 18 20 #SUP: 269884
2 6 7 18 20 #SUP: 271415
2 3 6 7 18 20 #SUP: 261610
3 6 18 20 #SUP: 301118
6 18 #SUP: 312145
2 6 18 #SUP: 274317
2 3 6 18 #SUP: 264439
6 9 18 #SUP: 279969
3 6 9 18 #SUP: 269884
2 6 9 18 #SUP: 271415
2 3 6 9 18 #SUP: 261610
6 7 9 18 #SUP: 279969
3 6 7 9 18 #SUP: 269884
2 6 7 9 18 #SUP: 271415
2 3 6 7 9 18 #SUP: 261610
6 7 18 #SUP: 279969
3 6 7 18 #SUP: 269884
2 6 7 18 #SUP: 271415
2 3 6 7 18 #SUP: 261610
3 6 18 #SUP: 301118
20 #SUP: 314239
2 20 #SUP: 275739
2 3 20 #SUP: 265670
9 20 #SUP: 281443
3 9 20 #SUP: 271161
2 9 20 #SUP: 272820
2 3 9 20 #SUP: 262824
7 9 20 #SUP: 281443
3 7 9 20 #SUP: 271161
2 7 9 20 #SUP: 272820
2 3 7 9 20 #SUP: 262824
7 20 #SUP: 281443
3 7 20 #SUP: 271161
2 7 20 #SUP: 272820
2 3 7 20 #SUP: 262824
3 20 #SUP: 302998
6 20 #SUP: 314239
2 6 20 #SUP: 275739
2 3 6 20 #SUP: 265670
6 9 20 #SUP: 281443
3 6 9 20 #SUP: 271161
2 6 9 20 #SUP: 272820
2 3 6 9 20 #SUP: 262824
6 7 9 20 #SUP: 281443
3 6 7 9 20 #SUP: 271161
2 6 7 9 20 #SUP: 272820
2 3 6 7 9 20 #SUP: 262824
6 7 20 #SUP: 281443
3 6 7 20 #SUP: 271161
2 6 7 20 #SUP: 272820
2 3 6 7 20 #SUP: 262824
3 6 20 #SUP: 302998
32 #SUP: 315680
16 32 #SUP: 235207
3 16 32 #SUP: 235207
9 32 #SUP: 277002
2 9 32 #SUP: 271257
2 3 9 32 #SUP: 271257
7 9 32 #SUP: 277002
3 7 9 32 #SUP: 277002
2 7 9 32 #SUP: 271257
2 3 7 9 32 #SUP: 271257
3 9 32 #SUP: 277002
7 32 #SUP: 277002
3 7 32 #SUP: 277002
2 7 32 #SUP: 271257
2 3 7 32 #SUP: 271257
2 32 #SUP: 277084
2 3 32 #SUP: 277084
3 32 #SUP: 315680
46 #SUP: 330712
34 46 #SUP: 245069
3 34 46 #SUP: 245069
2 46 #SUP: 267758
2 3 46 #SUP: 267758
9 46 #SUP: 268452
2 9 46 #SUP: 262582
2 3 9 46 #SUP: 262582
7 9 46 #SUP: 268452
3 7 9 46 #SUP: 268452
2 7 9 46 #SUP: 262582
2 3 7 9 46 #SUP: 262582
3 9 46 #SUP: 268452
7 46 #SUP: 268452
3 7 46 #SUP: 268452
2 7 46 #SUP: 262582
2 3 7 46 #SUP: 262582
3 46 #SUP: 330712
10 #SUP: 349693
10 24 #SUP: 249826
2 10 24 #SUP: 229472
2 3 10 24 #SUP: 229472
9 10 24 #SUP: 230229
2 9 10 24 #SUP: 225880
2 3 9 10 24 #SUP: 225880
7 9 10 24 #SUP: 230229
3 7 9 10 24 #SUP: 230229
2 7 9 10 24 #SUP: 225880
2 3 7 9 10 24 #SUP: 225880
3 9 10 24 #SUP: 230229
7 10 24 #SUP: 230229
3 7 10 24 #SUP: 230229
2 7 10 24 #SUP: 225880
2 3 7 10 24 #SUP: 225880
3 10 24 #SUP: 249826
10 25 #SUP: 266974
10 24 25 #SUP: 225288
3 10 24 25 #SUP: 225288
2 10 25 #SUP: 246393
2 3 10 25 #SUP: 246393
9 10 25 #SUP: 247009
2 9 10 25 #SUP: 242747
2 3 9 10 25 #SUP: 242747
7 9 10 25 #SUP: 247009
3 7 9 10 25 #SUP: 247009
2 7 9 10 25 #SUP: 242747
2 3 7 9 10 25 #SUP: 242747
3 9 10 25 #SUP: 247009
7 10 25 #SUP: 247009
3 7 10 25 #SUP: 247009
2 7 10 25 #SUP: 242747
2 3 7 10 25 #SUP: 242747
3 10 25 #SUP: 266974
9 10 #SUP: 314526
2 9 10 #SUP: 308221
2 3 9 10 #SUP: 308221
7 9 10 #SUP: 314526
3 7 9 10 #SUP: 314526
2 7 9 10 #SUP: 308221
2 3 7 9 10 #SUP: 308221
3 9 10 #SUP: 314526
7 10 #SUP: 314526
3 7 10 #SUP: 314526
2 7 10 #SUP: 308221
2 3 7 10 #SUP: 308221
2 10 #SUP: 314735
2 3 10 #SUP: 314735
3 10 #SUP: 349693
33 #SUP: 364384
6 33 #SUP: 228495
3 6 33 #SUP: 228495
9 33 #SUP: 319649
2 9 33 #SUP: 312823
2 3 9 33 #SUP: 312823
7 9 33 #SUP: 319649
3 7 9 33 #SUP: 319649
2 7 9 33 #SUP: 312823
2 3 7 9 33 #SUP: 312823
3 9 33 #SUP: 319649
7 33 #SUP: 319649
3 7 33 #SUP: 319649
2 7 33 #SUP: 312823
2 3 7 33 #SUP: 312823
2 33 #SUP: 320991
2 3 33 #SUP: 320991
3 33 #SUP: 364384
42 #SUP: 370248
6 42 #SUP: 230981
3 6 42 #SUP: 230981
9 42 #SUP: 318418
2 9 42 #SUP: 311315
2 3 9 42 #SUP: 311315
7 9 42 #SUP: 318418
3 7 9 42 #SUP: 318418
2 7 9 42 #SUP: 311315
2 3 7 9 42 #SUP: 311315
3 9 42 #SUP: 318418
7 42 #SUP: 318418
3 7 42 #SUP: 318418
2 7 42 #SUP: 311315
2 3 7 42 #SUP: 311315
2 42 #SUP: 320449
2 3 42 #SUP: 320449
3 42 #SUP: 370248
5 #SUP: 395237
5 19 #SUP: 226831
5 6 #SUP: 306748
2 5 6 #SUP: 250457
2 3 5 6 #SUP: 238420
5 6 9 #SUP: 252782
3 5 6 9 #SUP: 240599
2 5 6 9 #SUP: 246049
2 3 5 6 9 #SUP: 234212
5 6 7 9 #SUP: 252782
3 5 6 7 9 #SUP: 240599
2 5 6 7 9 #SUP: 246049
2 3 5 6 7 9 #SUP: 234212
5 6 7 #SUP: 252782
3 5 6 7 #SUP: 240599
2 5 6 7 #SUP: 246049
2 3 5 6 7 #SUP: 234212
3 5 6 #SUP: 292781
2 5 #SUP: 319866
2 3 5 #SUP: 305994
5 9 #SUP: 322496
3 5 9 #SUP: 308448
2 5 9 #SUP: 314196
2 3 5 9 #SUP: 300535
5 7 9 #SUP: 322496
3 5 7 9 #SUP: 308448
2 5 7 9 #SUP: 314196
2 3 5 7 9 #SUP: 300535
5 7 #SUP: 322496
3 5 7 #SUP: 308448
2 5 7 #SUP: 314196
2 3 5 7 #SUP: 300535
3 5 #SUP: 379117
11 #SUP: 430122
11 19 #SUP: 223438
3 11 19 #SUP: 223438
11 25 #SUP: 250022
11 24 25 #SUP: 221472
3 11 24 25 #SUP: 221472
2 11 25 #SUP: 229050
2 3 11 25 #SUP: 229050
9 11 25 #SUP: 231219
2 9 11 25 #SUP: 226316
2 3 9 11 25 #SUP: 226316
7 9 11 25 #SUP: 231219
3 7 9 11 25 #SUP: 231219
2 7 9 11 25 #SUP: 226316
2 3 7 9 11 25 #SUP: 226316
3 9 11 25 #SUP: 231219
7 11 25 #SUP: 231219
3 7 11 25 #SUP: 231219
2 7 11 25 #SUP: 226316
2 3 7 11 25 #SUP: 226316
3 11 25 #SUP: 250022
6 11 #SUP: 259836
2 6 11 #SUP: 226916
2 3 6 11 #SUP: 226916
6 9 11 #SUP: 229729
2 6 9 11 #SUP: 223428
2 3 6 9 11 #SUP: 223428
6 7 9 11 #SUP: 229729
3 6 7 9 11 #SUP: 229729
2 6 7 9 11 #SUP: 223428
2 3 6 7 9 11 #SUP: 223428
3 6 9 11 #SUP: 229729
6 7 11 #SUP: 229729
3 6 7 11 #SUP: 229729
2 6 7 11 #SUP: 223428
2 3 6 7 11 #SUP: 223428
3 6 11 #SUP: 259836
11 24 #SUP: 265296
2 11 24 #SUP: 241193
2 3 11 24 #SUP: 241193
9 11 24 #SUP: 243895
2 9 11 24 #SUP: 238171
2 3 9 11 24 #SUP: 238171
7 9 11 24 #SUP: 243895
3 7 9 11 24 #SUP: 243895
2 7 9 11 24 #SUP: 238171
2 3 7 9 11 24 #SUP: 238171
3 9 11 24 #SUP: 243895
7 11 24 #SUP: 243895
3 7 11 24 #SUP: 243895
2 7 11 24 #SUP: 238171
2 3 7 11 24 #SUP: 238171
3 11 24 #SUP: 265296
2 11 #SUP: 380764
2 3 11 #SUP: 380764
9 11 #SUP: 384555
2 9 11 #SUP: 375304
2 3 9 11 #SUP: 375304
7 9 11 #SUP: 384555
3 7 9 11 #SUP: 384555
2 7 9 11 #SUP: 375304
2 3 7 9 11 #SUP: 375304
3 9 11 #SUP: 384555
7 11 #SUP: 384555
3 7 11 #SUP: 384555
2 7 11 #SUP: 375304
2 3 7 11 #SUP: 375304
3 11 #SUP: 430122
29 #SUP: 446516
12 29 #SUP: 227188
3 12 29 #SUP: 226029
25 29 #SUP: 256437
2 25 29 #SUP: 236366
2 3 25 29 #SUP: 236366
9 25 29 #SUP: 236562
2 9 25 29 #SUP: 232982
2 3 9 25 29 #SUP: 232982
7 9 25 29 #SUP: 236562
3 7 9 25 29 #SUP: 236562
2 7 9 25 29 #SUP: 232982
2 3 7 9 25 29 #SUP: 232982
3 9 25 29 #SUP: 236562
7 25 29 #SUP: 236562
3 7 25 29 #SUP: 236562
2 7 25 29 #SUP: 232982
2 3 7 25 29 #SUP: 232982
3 25 29 #SUP: 256437
24 29 #SUP: 268218
2 24 29 #SUP: 245376
2 3 24 29 #SUP: 245376
9 24 29 #SUP: 245671
2 9 24 29 #SUP: 241510
2 3 9 24 29 #SUP: 241510
7 9 24 29 #SUP: 245671
3 7 9 24 29 #SUP: 245671
2 7 9 24 29 #SUP: 241510
2 3 7 9 24 29 #SUP: 241510
3 9 24 29 #SUP: 245671
7 24 29 #SUP: 245671
3 7 24 29 #SUP: 245671
2 7 24 29 #SUP: 241510
2 3 7 24 29 #SUP: 241510
3 24 29 #SUP: 268218
2 29 #SUP: 398978
2 3 29 #SUP: 397480
9 29 #SUP: 400006
2 9 29 #SUP: 392685
2 3 9 29 #SUP: 391197
3 9 29 #SUP: 398479
7 9 29 #SUP: 400006
2 7 9 29 #SUP: 392685
2 3 7 9 29 #SUP: 391197
3 7 9 29 #SUP: 398479
7 29 #SUP: 400006
2 7 29 #SUP: 392685
2 3 7 29 #SUP: 391197
3 7 29 #SUP: 398479
3 29 #SUP: 444778
29 34 #SUP: 446516
12 29 34 #SUP: 227188
3 12 29 34 #SUP: 226029
25 29 34 #SUP: 256437
2 25 29 34 #SUP: 236366
2 3 25 29 34 #SUP: 236366
9 25 29 34 #SUP: 236562
2 9 25 29 34 #SUP: 232982
2 3 9 25 29 34 #SUP: 232982
7 9 25 29 34 #SUP: 236562
3 7 9 25 29 34 #SUP: 236562
2 7 9 25 29 34 #SUP: 232982
2 3 7 9 25 29 34 #SUP: 232982
3 9 25 29 34 #SUP: 236562
7 25 29 34 #SUP: 236562
3 7 25 29 34 #SUP: 236562
2 7 25 29 34 #SUP: 232982
2 3 7 25 29 34 #SUP: 232982
3 25 29 34 #SUP: 256437
24 29 34 #SUP: 268218
2 24 29 34 #SUP: 245376
2 3 24 29 34 #SUP: 245376
9 24 29 34 #SUP: 245671
2 9 24 29 34 #SUP: 241510
2 3 9 24 29 34 #SUP: 241510
7 9 24 29 34 #SUP: 245671
3 7 9 24 29 34 #SUP: 245671
2 7 9 24 29 34 #SUP: 241510
2 3 7 9 24 29 34 #SUP: 241510
3 9 24 29 34 #SUP: 245671
7 24 29 34 #SUP: 245671
3 7 24 29 34 #SUP: 245671
2 7 24 29 34 #SUP: 241510
2 3 7 24 29 34 #SUP: 241510
3 24 29 34 #SUP: 268218
2 29 34 #SUP: 398978
2 3 29 34 #SUP: 397480
9 29 34 #SUP: 400006
2 9 29 34 #SUP: 392685
2 3 9 29 34 #SUP: 391197
3 9 29 34 #SUP: 398479
7 9 29 34 #SUP: 400006
2 7 9 29 34 #SUP: 392685
2 3 7 9 29 34 #SUP: 391197
3 7 9 29 34 #SUP: 398479
7 29 34 #SUP: 400006
2 7 29 34 #SUP: 392685
2 3 7 29 34 #SUP: 391197
3 7 29 34 #SUP: 398479
3 29 34 #SUP: 444778
4 #SUP: 482472
4 16 #SUP: 229370
3 4 16 #SUP: 229370
4 6 16 #SUP: 229370
3 4 6 16 #SUP: 229370
4 25 #SUP: 235068
3 4 25 #SUP: 235068
4 6 25 #SUP: 235068
3 4 6 25 #SUP: 235068
4 19 #SUP: 264860
4 9 19 #SUP: 223959
4 7 9 19 #SUP: 223959
4 7 19 #SUP: 223959
2 4 19 #SUP: 227609
2 3 4 19 #SUP: 222951
3 4 19 #SUP: 259228
4 6 19 #SUP: 264860
4 6 9 19 #SUP: 223959
4 6 7 9 19 #SUP: 223959
4 6 7 19 #SUP: 223959
2 4 6 19 #SUP: 227609
2 3 4 6 19 #SUP: 222951
3 4 6 19 #SUP: 259228
4 9 #SUP: 417820
3 4 9 #SUP: 406963
2 4 9 #SUP: 409497
2 3 4 9 #SUP: 399090
4 7 9 #SUP: 417820
3 4 7 9 #SUP: 406963
2 4 7 9 #SUP: 409497
2 3 4 7 9 #SUP: 399090
4 7 #SUP: 417820
3 4 7 #SUP: 406963
2 4 7 #SUP: 409497
2 3 4 7 #SUP: 399090
2 4 #SUP: 425621
2 3 4 #SUP: 414975
3 4 #SUP: 469298
4 6 #SUP: 482472
4 6 9 #SUP: 417820
3 4 6 9 #SUP: 406963
2 4 6 9 #SUP: 409497
2 3 4 6 9 #SUP: 399090
4 6 7 9 #SUP: 417820
3 4 6 7 9 #SUP: 406963
2 4 6 7 9 #SUP: 409497
2 3 4 6 7 9 #SUP: 399090
4 6 7 #SUP: 417820
3 4 6 7 #SUP: 406963
2 4 6 7 #SUP: 409497
2 3 4 6 7 #SUP: 399090
2 4 6 #SUP: 425621
2 3 4 6 #SUP: 414975
3 4 6 #SUP: 469298
34 #SUP: 586250
16 34 #SUP: 251651
3 16 34 #SUP: 251651
19 34 #SUP: 279793
2 19 34 #SUP: 250113
2 3 19 34 #SUP: 249095
9 19 34 #SUP: 251065
2 9 19 34 #SUP: 246380
2 3 9 19 34 #SUP: 245366
3 9 19 34 #SUP: 250031
7 9 19 34 #SUP: 251065
2 7 9 19 34 #SUP: 246380
2 3 7 9 19 34 #SUP: 245366
3 7 9 19 34 #SUP: 250031
7 19 34 #SUP: 251065
2 7 19 34 #SUP: 246380
2 3 7 19 34 #SUP: 245366
3 7 19 34 #SUP: 250031
3 19 34 #SUP: 278569
12 34 #SUP: 306457
2 12 34 #SUP: 268910
2 3 12 34 #SUP: 265269
9 12 34 #SUP: 269528
2 9 12 34 #SUP: 264524
2 3 9 12 34 #SUP: 260910
3 9 12 34 #SUP: 265833
7 9 12 34 #SUP: 269528
2 7 9 12 34 #SUP: 264524
2 3 7 9 12 34 #SUP: 260910
3 7 9 12 34 #SUP: 265833
7 12 34 #SUP: 269528
2 7 12 34 #SUP: 264524
2 3 7 12 34 #SUP: 260910
3 7 12 34 #SUP: 265833
3 12 34 #SUP: 302179
25 34 #SUP: 326877
24 25 34 #SUP: 275901
2 24 25 34 #SUP: 254166
2 3 24 25 34 #SUP: 254166
9 24 25 34 #SUP: 254522
2 9 24 25 34 #SUP: 250604
2 3 9 24 25 34 #SUP: 250604
7 9 24 25 34 #SUP: 254522
3 7 9 24 25 34 #SUP: 254522
2 7 9 24 25 34 #SUP: 250604
2 3 7 9 24 25 34 #SUP: 250604
3 9 24 25 34 #SUP: 254522
7 24 25 34 #SUP: 254522
3 7 24 25 34 #SUP: 254522
2 7 24 25 34 #SUP: 250604
2 3 7 24 25 34 #SUP: 250604
3 24 25 34 #SUP: 275901
2 25 34 #SUP: 300636
2 3 25 34 #SUP: 300636
9 25 34 #SUP: 301092
2 9 25 34 #SUP: 296482
2 3 9 25 34 #SUP: 296482
7 9 25 34 #SUP: 301092
3 7 9 25 34 #SUP: 301092
2 7 9 25 34 #SUP: 296482
2 3 7 9 25 34 #SUP: 296482
3 9 25 34 #SUP: 301092
7 25 34 #SUP: 301092
3 7 25 34 #SUP: 301092
2 7 25 34 #SUP: 296482
2 3 7 25 34 #SUP: 296482
3 25 34 #SUP: 326877
24 34 #SUP: 337372
2 24 34 #SUP: 307747
2 3 24 34 #SUP: 307747
9 24 34 #SUP: 308362
2 9 24 34 #SUP: 303053
2 3 9 24 34 #SUP: 303053
7 9 24 34 #SUP: 308362
3 7 9 24 34 #SUP: 308362
2 7 9 24 34 #SUP: 303053
2 3 7 9 24 34 #SUP: 303053
3 9 24 34 #SUP: 308362
7 24 34 #SUP: 308362
3 7 24 34 #SUP: 308362
2 7 24 34 #SUP: 303053
2 3 7 24 34 #SUP: 303053
3 24 34 #SUP: 337372
2 34 #SUP: 519023
2 3 34 #SUP: 514364
9 34 #SUP: 520593
2 9 34 #SUP: 510904
2 3 9 34 #SUP: 506276
3 9 34 #SUP: 515864
7 9 34 #SUP: 520593
2 7 9 34 #SUP: 510904
2 3 7 9 34 #SUP: 506276
3 7 9 34 #SUP: 515864
7 34 #SUP: 520593
2 7 34 #SUP: 510904
2 3 7 34 #SUP: 506276
3 7 34 #SUP: 515864
3 34 #SUP: 580748
16 #SUP: 640908
12 16 #SUP: 302794
9 12 16 #SUP: 247869
2 9 12 16 #SUP: 241044
2 3 9 12 16 #SUP: 241044
7 9 12 16 #SUP: 247869
3 7 9 12 16 #SUP: 247869
2 7 9 12 16 #SUP: 241044
2 3 7 9 12 16 #SUP: 241044
3 9 12 16 #SUP: 247869
7 12 16 #SUP: 247869
3 7 12 16 #SUP: 247869
2 7 12 16 #SUP: 241044
2 3 7 12 16 #SUP: 241044
2 12 16 #SUP: 249951
2 3 12 16 #SUP: 249951
3 12 16 #SUP: 302794
16 19 #SUP: 338114
9 16 19 #SUP: 279222
2 9 16 19 #SUP: 271577
2 3 9 16 19 #SUP: 271577
7 9 16 19 #SUP: 279222
3 7 9 16 19 #SUP: 279222
2 7 9 16 19 #SUP: 271577
2 3 7 9 16 19 #SUP: 271577
3 9 16 19 #SUP: 279222
7 16 19 #SUP: 279222
3 7 16 19 #SUP: 279222
2 7 16 19 #SUP: 271577
2 3 7 16 19 #SUP: 271577
2 16 19 #SUP: 280610
2 3 16 19 #SUP: 280610
3 16 19 #SUP: 338114
6 16 #SUP: 389257
6 9 16 #SUP: 313865
2 6 9 16 #SUP: 304337
2 3 6 9 16 #SUP: 304337
6 7 9 16 #SUP: 313865
3 6 7 9 16 #SUP: 313865
2 6 7 9 16 #SUP: 304337
2 3 6 7 9 16 #SUP: 304337
3 6 9 16 #SUP: 313865
6 7 16 #SUP: 313865
3 6 7 16 #SUP: 313865
2 6 7 16 #SUP: 304337
2 3 6 7 16 #SUP: 304337
2 6 16 #SUP: 318385
2 3 6 16 #SUP: 318385
3 6 16 #SUP: 389257
9 16 #SUP: 527091
2 9 16 #SUP: 512621
2 3 9 16 #SUP: 512621
7 9 16 #SUP: 527091
3 7 9 16 #SUP: 527091
2 7 9 16 #SUP: 512621
2 3 7 9 16 #SUP: 512621
3 9 16 #SUP: 527091
7 16 #SUP: 527091
3 7 16 #SUP: 527091
2 7 16 #SUP: 512621
2 3 7 16 #SUP: 512621
2 16 #SUP: 530561
2 3 16 #SUP: 530561
3 16 #SUP: 640908
12 #SUP: 714872
12 24 #SUP: 390023
2 12 24 #SUP: 357552
2 3 12 24 #SUP: 357552
9 12 24 #SUP: 358768
2 9 12 24 #SUP: 351822
2 3 9 12 24 #SUP: 351822
7 9 12 24 #SUP: 358768
3 7 9 12 24 #SUP: 358768
2 7 9 12 24 #SUP: 351822
2 3 7 9 12 24 #SUP: 351822
3 9 12 24 #SUP: 358768
7 12 24 #SUP: 358768
3 7 12 24 #SUP: 358768
2 7 12 24 #SUP: 351822
2 3 7 12 24 #SUP: 351822
3 12 24 #SUP: 390023
12 25 #SUP: 391318
12 24 25 #SUP: 327749
2 12 24 25 #SUP: 303250
2 3 12 24 25 #SUP: 303250
9 12 24 25 #SUP: 304267
2 9 12 24 25 #SUP: 298888
2 3 9 12 24 25 #SUP: 298888
7 9 12 24 25 #SUP: 304267
3 7 9 12 24 25 #SUP: 304267
2 7 9 12 24 25 #SUP: 298888
2 3 7 9 12 24 25 #SUP: 298888
3 9 12 24 25 #SUP: 304267
7 12 24 25 #SUP: 304267
3 7 12 24 25 #SUP: 304267
2 7 12 24 25 #SUP: 298888
2 3 7 12 24 25 #SUP: 298888
3 12 24 25 #SUP: 327749
2 12 25 #SUP: 361333
2 3 12 25 #SUP: 361333
9 12 25 #SUP: 362369
2 9 12 25 #SUP: 356004
2 3 9 12 25 #SUP: 356004
7 9 12 25 #SUP: 362369
3 7 9 12 25 #SUP: 362369
2 7 9 12 25 #SUP: 356004
2 3 7 9 12 25 #SUP: 356004
3 9 12 25 #SUP: 362369
7 12 25 #SUP: 362369
3 7 12 25 #SUP: 362369
2 7 12 25 #SUP: 356004
2 3 7 12 25 #SUP: 356004
3 12 25 #SUP: 391318
6 12 #SUP: 408415
6 9 12 #SUP: 357084
3 6 9 12 #SUP: 347836
2 6 9 12 #SUP: 348394
2 3 6 9 12 #SUP: 339483
6 7 9 12 #SUP: 357084
3 6 7 9 12 #SUP: 347836
2 6 7 9 12 #SUP: 348394
2 3 6 7 9 12 #SUP: 339483
6 7 12 #SUP: 357084
3 6 7 12 #SUP: 347836
2 6 7 12 #SUP: 348394
2 3 6 7 12 #SUP: 339483
2 6 12 #SUP: 358595
2 3 6 12 #SUP: 349513
3 6 12 #SUP: 397112
9 12 #SUP: 626612
2 9 12 #SUP: 612918
2 3 9 12 #SUP: 600393
3 9 12 #SUP: 613669
7 9 12 #SUP: 626612
2 7 9 12 #SUP: 612918
2 3 7 9 12 #SUP: 600393
3 7 9 12 #SUP: 613669
7 12 #SUP: 626612
2 7 12 #SUP: 612918
2 3 7 12 #SUP: 600393
3 7 12 #SUP: 613669
2 12 #SUP: 627505
2 3 12 #SUP: 614782
3 12 #SUP: 699291
19 #SUP: 759687
19 25 #SUP: 401668
6 19 25 #SUP: 247236
2 6 19 25 #SUP: 226730
2 3 6 19 25 #SUP: 226730
6 9 19 25 #SUP: 227894
2 6 9 19 25 #SUP: 223633
2 3 6 9 19 25 #SUP: 223633
6 7 9 19 25 #SUP: 227894
3 6 7 9 19 25 #SUP: 227894
2 6 7 9 19 25 #SUP: 223633
2 3 6 7 9 19 25 #SUP: 223633
3 6 9 19 25 #SUP: 227894
6 7 19 25 #SUP: 227894
3 6 7 19 25 #SUP: 227894
2 6 7 19 25 #SUP: 223633
2 3 6 7 19 25 #SUP: 223633
3 6 19 25 #SUP: 247236
19 24 25 #SUP: 336241
2 19 24 25 #SUP: 309533
2 3 19 24 25 #SUP: 309533
9 19 24 25 #SUP: 311048
2 9 19 24 25 #SUP: 305539
2 3 9 19 24 25 #SUP: 305539
7 9 19 24 25 #SUP: 311048
3 7 9 19 24 25 #SUP: 311048
2 7 9 19 24 25 #SUP: 305539
2 3 7 9 19 24 25 #SUP: 305539
3 9 19 24 25 #SUP: 311048
7 19 24 25 #SUP: 311048
3 7 19 24 25 #SUP: 311048
2 7 19 24 25 #SUP: 305539
2 3 7 19 24 25 #SUP: 305539
3 19 24 25 #SUP: 336241
2 19 25 #SUP: 369209
2 3 19 25 #SUP: 369209
9 19 25 #SUP: 370759
2 9 19 25 #SUP: 364286
2 3 9 19 25 #SUP: 364286
7 9 19 25 #SUP: 370759
3 7 9 19 25 #SUP: 370759
2 7 9 19 25 #SUP: 364286
2 3 7 9 19 25 #SUP: 364286
3 9 19 25 #SUP: 370759
7 19 25 #SUP: 370759
3 7 19 25 #SUP: 370759
2 7 19 25 #SUP: 364286
2 3 7 19 25 #SUP: 364286
3 19 25 #SUP: 401668
19 24 #SUP: 408019
6 19 24 #SUP: 246666
2 6 19 24 #SUP: 224386
2 3 6 19 24 #SUP: 224386
6 9 19 24 #SUP: 225768
3 6 9 19 24 #SUP: 225768
6 7 9 19 24 #SUP: 225768
3 6 7 9 19 24 #SUP: 225768
6 7 19 24 #SUP: 225768
3 6 7 19 24 #SUP: 225768
3 6 19 24 #SUP: 246666
2 19 24 #SUP: 371911
2 3 19 24 #SUP: 371911
9 19 24 #SUP: 373826
2 9 19 24 #SUP: 366432
2 3 9 19 24 #SUP: 366432
7 9 19 24 #SUP: 373826
3 7 9 19 24 #SUP: 373826
2 7 9 19 24 #SUP: 366432
2 3 7 9 19 24 #SUP: 366432
3 9 19 24 #SUP: 373826
7 19 24 #SUP: 373826
3 7 19 24 #SUP: 373826
2 7 19 24 #SUP: 366432
2 3 7 19 24 #SUP: 366432
3 19 24 #SUP: 408019
6 19 #SUP: 479894
6 9 19 #SUP: 415740
3 6 9 19 #SUP: 403647
2 6 9 19 #SUP: 405797
2 3 6 9 19 #SUP: 394104
6 7 9 19 #SUP: 415740
3 6 7 9 19 #SUP: 403647
2 6 7 9 19 #SUP: 405797
2 3 6 7 9 19 #SUP: 394104
6 7 19 #SUP: 415740
3 6 7 19 #SUP: 403647
2 6 7 19 #SUP: 405797
2 3 6 7 19 #SUP: 394104
2 6 19 #SUP: 416315
2 3 6 19 #SUP: 404478
3 6 19 #SUP: 466434
2 19 #SUP: 666428
2 3 19 #SUP: 653573
9 19 #SUP: 666805
2 9 19 #SUP: 652177
2 3 9 19 #SUP: 639470
3 9 19 #SUP: 653678
7 9 19 #SUP: 666805
2 7 9 19 #SUP: 652177
2 3 7 9 19 #SUP: 639470
3 7 9 19 #SUP: 653678
7 19 #SUP: 666805
2 7 19 #SUP: 652177
2 3 7 19 #SUP: 639470
3 7 19 #SUP: 653678
3 19 #SUP: 745003
25 #SUP: 792986
6 25 #SUP: 466109
2 6 25 #SUP: 429906
2 3 6 25 #SUP: 429906
6 9 25 #SUP: 432036
2 6 9 25 #SUP: 423808
2 3 6 9 25 #SUP: 423808
6 7 9 25 #SUP: 432036
3 6 7 9 25 #SUP: 432036
2 6 7 9 25 #SUP: 423808
2 3 6 7 9 25 #SUP: 423808
3 6 9 25 #SUP: 432036
6 7 25 #SUP: 432036
3 6 7 25 #SUP: 432036
2 6 7 25 #SUP: 423808
2 3 6 7 25 #SUP: 423808
3 6 25 #SUP: 466109
24 25 #SUP: 663990
6 24 25 #SUP: 388089
2 6 24 25 #SUP: 358617
2 3 6 24 25 #SUP: 358617
6 9 24 25 #SUP: 360793
2 6 9 24 25 #SUP: 353823
2 3 6 9 24 25 #SUP: 353823
6 7 9 24 25 #SUP: 360793
3 6 7 9 24 25 #SUP: 360793
2 6 7 9 24 25 #SUP: 353823
2 3 6 7 9 24 25 #SUP: 353823
3 6 9 24 25 #SUP: 360793
6 7 24 25 #SUP: 360793
3 6 7 24 25 #SUP: 360793
2 6 7 24 25 #SUP: 353823
2 3 6 7 24 25 #SUP: 353823
3 6 24 25 #SUP: 388089
2 24 25 #SUP: 612783
2 3 24 25 #SUP: 612783
9 24 25 #SUP: 615315
2 9 24 25 #SUP: 604427
2 3 9 24 25 #SUP: 604427
7 9 24 25 #SUP: 615315
3 7 9 24 25 #SUP: 615315
2 7 9 24 25 #SUP: 604427
2 3 7 9 24 25 #SUP: 604427
3 9 24 25 #SUP: 615315
7 24 25 #SUP: 615315
3 7 24 25 #SUP: 615315
2 7 24 25 #SUP: 604427
2 3 7 24 25 #SUP: 604427
3 24 25 #SUP: 663990
2 25 #SUP: 730542
2 3 25 #SUP: 730542
9 25 #SUP: 733128
2 9 25 #SUP: 720290
2 3 9 25 #SUP: 720290
7 9 25 #SUP: 733128
3 7 9 25 #SUP: 733128
2 7 9 25 #SUP: 720290
2 3 7 9 25 #SUP: 720290
3 9 25 #SUP: 733128
7 25 #SUP: 733128
3 7 25 #SUP: 733128
2 7 25 #SUP: 720290
2 3 7 25 #SUP: 720290
3 25 #SUP: 792986
24 #SUP: 798042
6 24 #SUP: 460670
2 6 24 #SUP: 421716
2 3 6 24 #SUP: 421716
6 9 24 #SUP: 424232
2 6 9 24 #SUP: 415201
2 3 6 9 24 #SUP: 415201
6 7 9 24 #SUP: 424232
3 6 7 9 24 #SUP: 424232
2 6 7 9 24 #SUP: 415201
2 3 6 7 9 24 #SUP: 415201
3 6 9 24 #SUP: 424232
6 7 24 #SUP: 424232
3 6 7 24 #SUP: 424232
2 6 7 24 #SUP: 415201
2 3 6 7 24 #SUP: 415201
3 6 24 #SUP: 460670
2 24 #SUP: 729463
2 3 24 #SUP: 729463
9 24 #SUP: 732594
2 9 24 #SUP: 718254
2 3 9 24 #SUP: 718254
7 9 24 #SUP: 732594
3 7 9 24 #SUP: 732594
2 7 9 24 #SUP: 718254
2 3 7 9 24 #SUP: 718254
3 9 24 #SUP: 732594
7 24 #SUP: 732594
3 7 24 #SUP: 732594
2 7 24 #SUP: 718254
2 3 7 24 #SUP: 718254
3 24 #SUP: 798042
6 #SUP: 888309
6 9 #SUP: 772824
3 6 9 #SUP: 751483
2 6 9 #SUP: 754191
2 3 6 9 #SUP: 733587
6 7 9 #SUP: 772824
3 6 7 9 #SUP: 751483
2 6 7 9 #SUP: 754191
2 3 6 7 9 #SUP: 733587
6 7 #SUP: 772824
3 6 7 #SUP: 751483
2 6 7 #SUP: 754191
2 3 6 7 #SUP: 733587
2 6 #SUP: 774910
2 3 6 #SUP: 753991
3 6 #SUP: 863546
9 #SUP: 1293417
2 9 #SUP: 1265095
2 3 9 #SUP: 1239863
3 9 #SUP: 1267347
7 9 #SUP: 1293417
2 7 9 #SUP: 1265095
2 3 7 9 #SUP: 1239863
3 7 9 #SUP: 1267347
7 #SUP: 1293417
2 7 #SUP: 1265095
2 3 7 #SUP: 1239863
3 7 #SUP: 1267347
2 #SUP: 1293933
2 3 #SUP: 1268355
3 #SUP: 1444294
