29 #SUP: 446516
3 29 #SUP: 444778
29 34 #SUP: 446516
3 29 34 #SUP: 444778
4 #SUP: 482472
3 4 #SUP: 469298
4 6 #SUP: 482472
3 4 6 #SUP: 469298
34 #SUP: 586250
2 34 #SUP: 519023
2 3 34 #SUP: 514364
9 34 #SUP: 520593
2 9 34 #SUP: 510904
2 3 9 34 #SUP: 506276
3 9 34 #SUP: 515864
7 9 34 #SUP: 520593
2 7 9 34 #SUP: 510904
2 3 7 9 34 #SUP: 506276
3 7 9 34 #SUP: 515864
7 34 #SUP: 520593
2 7 34 #SUP: 510904
2 3 7 34 #SUP: 506276
3 7 34 #SUP: 515864
3 34 #SUP: 580748
16 #SUP: 640908
9 16 #SUP: 527091
2 9 16 #SUP: 512621
2 3 9 16 #SUP: 512621
7 9 16 #SUP: 527091
3 7 9 16 #SUP: 527091
2 7 9 16 #SUP: 512621
2 3 7 9 16 #SUP: 512621
3 9 16 #SUP: 527091
7 16 #SUP: 527091
3 7 16 #SUP: 527091
2 7 16 #SUP: 512621
2 3 7 16 #SUP: 512621
2 16 #SUP: 530561
2 3 16 #SUP: 530561
3 16 #SUP: 640908
12 #SUP: 714872
9 12 #SUP: 626612
2 9 12 #SUP: 612918
2 3 9 12 #SUP: 600393
3 9 12 #SUP: 613669
7 9 12 #SUP: 626612
2 7 9 12 #SUP: 612918
2 3 7 9 12 #SUP: 600393
3 7 9 12 #SUP: 613669
7 12 #SUP: 626612
2 7 12 #SUP: 612918
2 3 7 12 #SUP: 600393
3 7 12 #SUP: 613669
2 12 #SUP: 627505
2 3 12 #SUP: 614782
3 12 #SUP: 699291
19 #SUP: 759687
6 19 #SUP: 479894
3 6 19 #SUP: 466434
2 19 #SUP: 666428
2 3 19 #SUP: 653573
9 19 #SUP: 666805
2 9 19 #SUP: 652177
2 3 9 19 #SUP: 639470
3 9 19 #SUP: 653678
7 9 19 #SUP: 666805
2 7 9 19 #SUP: 652177
2 3 7 9 19 #SUP: 639470
3 7 9 19 #SUP: 653678
7 19 #SUP: 666805
2 7 19 #SUP: 652177
2 3 7 19 #SUP: 639470
3 7 19 #SUP: 653678
3 19 #SUP: 745003
25 #SUP: 792986
6 25 #SUP: 466109
3 6 25 #SUP: 466109
24 25 #SUP: 663990
2 24 25 #SUP: 612783
2 3 24 25 #SUP: 612783
9 24 25 #SUP: 615315
2 9 24 25 #SUP: 604427
2 3 9 24 25 #SUP: 604427
7 9 24 25 #SUP: 615315
3 7 9 24 25 #SUP: 615315
2 7 9 24 25 #SUP: 604427
2 3 7 9 24 25 #SUP: 604427
3 9 24 25 #SUP: 615315
7 24 25 #SUP: 615315
3 7 24 25 #SUP: 615315
2 7 24 25 #SUP: 604427
2 3 7 24 25 #SUP: 604427
3 24 25 #SUP: 663990
2 25 #SUP: 730542
2 3 25 #SUP: 730542
9 25 #SUP: 733128
2 9 25 #SUP: 720290
2 3 9 25 #SUP: 720290
7 9 25 #SUP: 733128
3 7 9 25 #SUP: 733128
2 7 9 25 #SUP: 720290
2 3 7 9 25 #SUP: 720290
3 9 25 #SUP: 733128
7 25 #SUP: 733128
3 7 25 #SUP: 733128
2 7 25 #SUP: 720290
2 3 7 25 #SUP: 720290
3 25 #SUP: 792986
24 #SUP: 798042
6 24 #SUP: 460670
3 6 24 #SUP: 460670
2 24 #SUP: 729463
2 3 24 #SUP: 729463
9 24 #SUP: 732594
2 9 24 #SUP: 718254
2 3 9 24 #SUP: 718254
7 9 24 #SUP: 732594
3 7 9 24 #SUP: 732594
2 7 9 24 #SUP: 718254
2 3 7 9 24 #SUP: 718254
3 9 24 #SUP: 732594
7 24 #SUP: 732594
3 7 24 #SUP: 732594
2 7 24 #SUP: 718254
2 3 7 24 #SUP: 718254
3 24 #SUP: 798042
6 #SUP: 888309
6 9 #SUP: 772824
3 6 9 #SUP: 751483
2 6 9 #SUP: 754191
2 3 6 9 #SUP: 733587
6 7 9 #SUP: 772824
3 6 7 9 #SUP: 751483
2 6 7 9 #SUP: 754191
2 3 6 7 9 #SUP: 733587
6 7 #SUP: 772824
3 6 7 #SUP: 751483
2 6 7 #SUP: 754191
2 3 6 7 #SUP: 733587
2 6 #SUP: 774910
2 3 6 #SUP: 753991
3 6 #SUP: 863546
9 #SUP: 1293417
2 9 #SUP: 1265095
2 3 9 #SUP: 1239863
3 9 #SUP: 1267347
7 9 #SUP: 1293417
2 7 9 #SUP: 1265095
2 3 7 9 #SUP: 1239863
3 7 9 #SUP: 1267347
7 #SUP: 1293417
2 7 #SUP: 1265095
2 3 7 #SUP: 1239863
3 7 #SUP: 1267347
2 #SUP: 1293933
2 3 #SUP: 1268355
3 #SUP: 1444294
