16 #SUP: 3845448
3 16 #SUP: 3735101
12 #SUP: 4289232
9 12 #SUP: 3759672
3 9 12 #SUP: 3681263
7 9 12 #SUP: 3759672
3 7 9 12 #SUP: 3681263
7 12 #SUP: 3759672
3 7 12 #SUP: 3681263
3 12 #SUP: 4123960
19 #SUP: 4558122
9 19 #SUP: 4000830
3 9 19 #SUP: 3920567
7 9 19 #SUP: 4000830
3 7 9 19 #SUP: 3920567
7 19 #SUP: 4000830
3 7 19 #SUP: 3920567
3 19 #SUP: 4391443
25 #SUP: 4757916
25 149 #SUP: 3652710
3 25 149 #SUP: 3652710
7 25 149 #SUP: 3601450
3 7 25 149 #SUP: 3601450
9 25 149 #SUP: 3601450
3 9 25 149 #SUP: 3601450
7 9 25 149 #SUP: 3601450
3 7 9 25 149 #SUP: 3601450
24 25 #SUP: 3983940
9 24 25 #SUP: 3691890
3 9 24 25 #SUP: 3681002
7 9 24 25 #SUP: 3691890
3 7 9 24 25 #SUP: 3681002
7 24 25 #SUP: 3691890
3 7 24 25 #SUP: 3681002
3 24 25 #SUP: 3932733
9 25 #SUP: 4398768
3 9 25 #SUP: 4385930
7 9 25 #SUP: 4398768
3 7 9 25 #SUP: 4385930
7 25 #SUP: 4398768
3 7 25 #SUP: 4385930
3 25 #SUP: 4695472
24 #SUP: 4788252
24 149 #SUP: 3647315
3 24 149 #SUP: 3647315
7 24 149 #SUP: 3591270
3 7 24 149 #SUP: 3591270
9 24 149 #SUP: 3591270
3 9 24 149 #SUP: 3591270
7 9 24 149 #SUP: 3591270
3 7 9 24 149 #SUP: 3591270
9 24 #SUP: 4395564
3 9 24 #SUP: 4381224
7 9 24 #SUP: 4395564
3 7 9 24 #SUP: 4381224
7 24 #SUP: 4395564
3 7 24 #SUP: 4381224
3 24 #SUP: 4719673
6 #SUP: 5329854
6 149 #SUP: 3874550
3 6 149 #SUP: 3769955
6 9 149 #SUP: 3770955
3 6 9 149 #SUP: 3667935
6 7 9 149 #SUP: 3770955
3 6 7 9 149 #SUP: 3667935
6 7 149 #SUP: 3770955
3 6 7 149 #SUP: 3667935
6 9 #SUP: 4636944
3 6 9 #SUP: 4511606
6 7 9 #SUP: 4636944
3 6 7 9 #SUP: 4511606
6 7 #SUP: 4636944
3 6 7 #SUP: 4511606
3 6 #SUP: 5092640
149 #SUP: 6469665
9 149 #SUP: 6325475
3 9 149 #SUP: 6199315
7 9 149 #SUP: 6325475
3 7 9 149 #SUP: 6199315
7 149 #SUP: 6325475
3 7 149 #SUP: 6199315
3 149 #SUP: 6341775
9 #SUP: 7760502
3 9 #SUP: 7601830
7 9 #SUP: 7760502
3 7 9 #SUP: 7601830
7 #SUP: 7760502
3 7 #SUP: 7601830
3 #SUP: 8515403
