19 #SUP: 4558122
25 #SUP: 4757916
3 25 #SUP: 4695472
24 #SUP: 4788252
3 24 #SUP: 4719673
6 #SUP: 5329854
6 9 #SUP: 4636944
3 6 9 #SUP: 4511606
6 7 9 #SUP: 4636944
3 6 7 9 #SUP: 4511606
6 7 #SUP: 4636944
3 6 7 #SUP: 4511606
3 6 #SUP: 5092640
149 #SUP: 6469665
9 149 #SUP: 6325475
3 9 149 #SUP: 6199315
7 9 149 #SUP: 6325475
3 7 9 149 #SUP: 6199315
7 149 #SUP: 6325475
3 7 149 #SUP: 6199315
3 149 #SUP: 6341775
9 #SUP: 7760502
3 9 #SUP: 7601830
7 9 #SUP: 7760502
3 7 9 #SUP: 7601830
7 #SUP: 7760502
3 7 #SUP: 7601830
3 #SUP: 8515403
