1 #SUP: 1474559
3 #SUP: 1293933
6 #SUP: 888309
7 #SUP: 1293417
9 #SUP: 1293417
12 #SUP: 714872
16 #SUP: 640908
19 #SUP: 759687
24 #SUP: 798042
25 #SUP: 792986
1 3  #SUP: 1293933
1 6  #SUP: 888309
1 7  #SUP: 1293417
1 9  #SUP: 1293417
1 12  #SUP: 714872
1 16  #SUP: 640908
1 19  #SUP: 759687
1 24  #SUP: 798042
1 25  #SUP: 792986
3 6  #SUP: 774910
3 7  #SUP: 1265095
3 9  #SUP: 1265095
3 12  #SUP: 627505
3 19  #SUP: 666428
3 24  #SUP: 729463
3 25  #SUP: 730542
6 7  #SUP: 772824
6 9  #SUP: 772824
7 9  #SUP: 1293417
7 12  #SUP: 626612
7 19  #SUP: 666805
7 24  #SUP: 732594
7 25  #SUP: 733128
9 12  #SUP: 626612
9 19  #SUP: 666805
9 24  #SUP: 732594
9 25  #SUP: 733128
24 25  #SUP: 663990
1 3 6  #SUP: 774910
1 3 7  #SUP: 1265095
1 3 9  #SUP: 1265095
1 3 12  #SUP: 627505
1 3 19  #SUP: 666428
1 3 24  #SUP: 729463
1 3 25  #SUP: 730542
1 6 7  #SUP: 772824
1 6 9  #SUP: 772824
1 7 9  #SUP: 1293417
1 7 12  #SUP: 626612
1 7 19  #SUP: 666805
1 7 24  #SUP: 732594
1 7 25  #SUP: 733128
1 9 12  #SUP: 626612
1 9 19  #SUP: 666805
1 9 24  #SUP: 732594
1 9 25  #SUP: 733128
1 24 25  #SUP: 663990
3 6 7  #SUP: 754191
3 6 9  #SUP: 754191
3 7 9  #SUP: 1265095
3 7 12  #SUP: 612918
3 7 19  #SUP: 652177
3 7 24  #SUP: 718254
3 7 25  #SUP: 720290
3 9 12  #SUP: 612918
3 9 19  #SUP: 652177
3 9 24  #SUP: 718254
3 9 25  #SUP: 720290
3 24 25  #SUP: 612783
6 7 9  #SUP: 772824
7 9 12  #SUP: 626612
7 9 19  #SUP: 666805
7 9 24  #SUP: 732594
7 9 25  #SUP: 733128
7 24 25  #SUP: 615315
9 24 25  #SUP: 615315
1 3 6 7  #SUP: 754191
1 3 6 9  #SUP: 754191
1 3 7 9  #SUP: 1265095
1 3 7 12  #SUP: 612918
1 3 7 19  #SUP: 652177
1 3 7 24  #SUP: 718254
1 3 7 25  #SUP: 720290
1 3 9 12  #SUP: 612918
1 3 9 19  #SUP: 652177
1 3 9 24  #SUP: 718254
1 3 9 25  #SUP: 720290
1 3 24 25  #SUP: 612783
1 6 7 9  #SUP: 772824
1 7 9 12  #SUP: 626612
1 7 9 19  #SUP: 666805
1 7 9 24  #SUP: 732594
1 7 9 25  #SUP: 733128
1 7 24 25  #SUP: 615315
1 9 24 25  #SUP: 615315
3 6 7 9  #SUP: 754191
3 7 9 12  #SUP: 612918
3 7 9 19  #SUP: 652177
3 7 9 24  #SUP: 718254
3 7 9 25  #SUP: 720290
3 7 24 25  #SUP: 604427
3 9 24 25  #SUP: 604427
7 9 24 25  #SUP: 615315
1 3 6 7 9  #SUP: 754191
1 3 7 9 12  #SUP: 612918
1 3 7 9 19  #SUP: 652177
1 3 7 9 24  #SUP: 718254
1 3 7 9 25  #SUP: 720290
1 3 7 24 25  #SUP: 604427
1 3 9 24 25  #SUP: 604427
1 7 9 24 25  #SUP: 615315
3 7 9 24 25  #SUP: 604427
1 3 7 9 24 25  #SUP: 604427
