19 #SUP: 759687
3 19 #SUP: 745003
25 #SUP: 792986
3 25 #SUP: 792986
24 #SUP: 798042
3 24 #SUP: 798042
6 #SUP: 888309
6 9 #SUP: 772824
3 6 9 #SUP: 751483
2 6 9 #SUP: 754191
6 7 9 #SUP: 772824
3 6 7 9 #SUP: 751483
2 6 7 9 #SUP: 754191
6 7 #SUP: 772824
3 6 7 #SUP: 751483
2 6 7 #SUP: 754191
2 6 #SUP: 774910
2 3 6 #SUP: 753991
3 6 #SUP: 863546
9 #SUP: 1293417
2 9 #SUP: 1265095
2 3 9 #SUP: 1239863
3 9 #SUP: 1267347
7 9 #SUP: 1293417
2 7 9 #SUP: 1265095
2 3 7 9 #SUP: 1239863
3 7 9 #SUP: 1267347
7 #SUP: 1293417
2 7 #SUP: 1265095
2 3 7 #SUP: 1239863
3 7 #SUP: 1267347
2 #SUP: 1293933
2 3 #SUP: 1268355
3 #SUP: 1444294
