42 #SUP: 370248
3 42 #SUP: 370248
5 #SUP: 395237
3 5 #SUP: 379117
11 #SUP: 430122
2 11 #SUP: 380764
2 3 11 #SUP: 380764
9 11 #SUP: 384555
2 9 11 #SUP: 375304
2 3 9 11 #SUP: 375304
7 9 11 #SUP: 384555
3 7 9 11 #SUP: 384555
2 7 9 11 #SUP: 375304
2 3 7 9 11 #SUP: 375304
3 9 11 #SUP: 384555
7 11 #SUP: 384555
3 7 11 #SUP: 384555
2 7 11 #SUP: 375304
2 3 7 11 #SUP: 375304
3 11 #SUP: 430122
29 #SUP: 446516
2 29 #SUP: 398978
2 3 29 #SUP: 397480
9 29 #SUP: 400006
2 9 29 #SUP: 392685
2 3 9 29 #SUP: 391197
3 9 29 #SUP: 398479
7 9 29 #SUP: 400006
2 7 9 29 #SUP: 392685
2 3 7 9 29 #SUP: 391197
3 7 9 29 #SUP: 398479
7 29 #SUP: 400006
2 7 29 #SUP: 392685
2 3 7 29 #SUP: 391197
3 7 29 #SUP: 398479
3 29 #SUP: 444778
29 34 #SUP: 446516
2 29 34 #SUP: 398978
2 3 29 34 #SUP: 397480
9 29 34 #SUP: 400006
2 9 29 34 #SUP: 392685
2 3 9 29 34 #SUP: 391197
3 9 29 34 #SUP: 398479
7 9 29 34 #SUP: 400006
2 7 9 29 34 #SUP: 392685
2 3 7 9 29 34 #SUP: 391197
3 7 9 29 34 #SUP: 398479
7 29 34 #SUP: 400006
2 7 29 34 #SUP: 392685
2 3 7 29 34 #SUP: 391197
3 7 29 34 #SUP: 398479
3 29 34 #SUP: 444778
4 #SUP: 482472
4 9 #SUP: 417820
3 4 9 #SUP: 406963
2 4 9 #SUP: 409497
2 3 4 9 #SUP: 399090
4 7 9 #SUP: 417820
3 4 7 9 #SUP: 406963
2 4 7 9 #SUP: 409497
2 3 4 7 9 #SUP: 399090
4 7 #SUP: 417820
3 4 7 #SUP: 406963
2 4 7 #SUP: 409497
2 3 4 7 #SUP: 399090
2 4 #SUP: 425621
2 3 4 #SUP: 414975
3 4 #SUP: 469298
4 6 #SUP: 482472
4 6 9 #SUP: 417820
3 4 6 9 #SUP: 406963
2 4 6 9 #SUP: 409497
2 3 4 6 9 #SUP: 399090
4 6 7 9 #SUP: 417820
3 4 6 7 9 #SUP: 406963
2 4 6 7 9 #SUP: 409497
2 3 4 6 7 9 #SUP: 399090
4 6 7 #SUP: 417820
3 4 6 7 #SUP: 406963
2 4 6 7 #SUP: 409497
2 3 4 6 7 #SUP: 399090
2 4 6 #SUP: 425621
2 3 4 6 #SUP: 414975
3 4 6 #SUP: 469298
34 #SUP: 586250
2 34 #SUP: 519023
2 3 34 #SUP: 514364
9 34 #SUP: 520593
2 9 34 #SUP: 510904
2 3 9 34 #SUP: 506276
3 9 34 #SUP: 515864
7 9 34 #SUP: 520593
2 7 9 34 #SUP: 510904
2 3 7 9 34 #SUP: 506276
3 7 9 34 #SUP: 515864
7 34 #SUP: 520593
2 7 34 #SUP: 510904
2 3 7 34 #SUP: 506276
3 7 34 #SUP: 515864
3 34 #SUP: 580748
16 #SUP: 640908
6 16 #SUP: 389257
3 6 16 #SUP: 389257
9 16 #SUP: 527091
2 9 16 #SUP: 512621
2 3 9 16 #SUP: 512621
7 9 16 #SUP: 527091
3 7 9 16 #SUP: 527091
2 7 9 16 #SUP: 512621
2 3 7 9 16 #SUP: 512621
3 9 16 #SUP: 527091
7 16 #SUP: 527091
3 7 16 #SUP: 527091
2 7 16 #SUP: 512621
2 3 7 16 #SUP: 512621
2 16 #SUP: 530561
2 3 16 #SUP: 530561
3 16 #SUP: 640908
12 #SUP: 714872
12 24 #SUP: 390023
3 12 24 #SUP: 390023
12 25 #SUP: 391318
3 12 25 #SUP: 391318
6 12 #SUP: 408415
3 6 12 #SUP: 397112
9 12 #SUP: 626612
2 9 12 #SUP: 612918
2 3 9 12 #SUP: 600393
3 9 12 #SUP: 613669
7 9 12 #SUP: 626612
2 7 9 12 #SUP: 612918
2 3 7 9 12 #SUP: 600393
3 7 9 12 #SUP: 613669
7 12 #SUP: 626612
2 7 12 #SUP: 612918
2 3 7 12 #SUP: 600393
3 7 12 #SUP: 613669
2 12 #SUP: 627505
2 3 12 #SUP: 614782
3 12 #SUP: 699291
19 #SUP: 759687
19 25 #SUP: 401668
2 19 25 #SUP: 369209
2 3 19 25 #SUP: 369209
9 19 25 #SUP: 370759
3 9 19 25 #SUP: 370759
7 9 19 25 #SUP: 370759
3 7 9 19 25 #SUP: 370759
7 19 25 #SUP: 370759
3 7 19 25 #SUP: 370759
3 19 25 #SUP: 401668
19 24 #SUP: 408019
2 19 24 #SUP: 371911
2 3 19 24 #SUP: 371911
9 19 24 #SUP: 373826
3 9 19 24 #SUP: 373826
7 9 19 24 #SUP: 373826
3 7 9 19 24 #SUP: 373826
7 19 24 #SUP: 373826
3 7 19 24 #SUP: 373826
3 19 24 #SUP: 408019
6 19 #SUP: 479894
6 9 19 #SUP: 415740
3 6 9 19 #SUP: 403647
2 6 9 19 #SUP: 405797
2 3 6 9 19 #SUP: 394104
6 7 9 19 #SUP: 415740
3 6 7 9 19 #SUP: 403647
2 6 7 9 19 #SUP: 405797
2 3 6 7 9 19 #SUP: 394104
6 7 19 #SUP: 415740
3 6 7 19 #SUP: 403647
2 6 7 19 #SUP: 405797
2 3 6 7 19 #SUP: 394104
2 6 19 #SUP: 416315
2 3 6 19 #SUP: 404478
3 6 19 #SUP: 466434
2 19 #SUP: 666428
2 3 19 #SUP: 653573
9 19 #SUP: 666805
2 9 19 #SUP: 652177
2 3 9 19 #SUP: 639470
3 9 19 #SUP: 653678
7 9 19 #SUP: 666805
2 7 9 19 #SUP: 652177
2 3 7 9 19 #SUP: 639470
3 7 9 19 #SUP: 653678
7 19 #SUP: 666805
2 7 19 #SUP: 652177
2 3 7 19 #SUP: 639470
3 7 19 #SUP: 653678
3 19 #SUP: 745003
25 #SUP: 792986
6 25 #SUP: 466109
2 6 25 #SUP: 429906
2 3 6 25 #SUP: 429906
6 9 25 #SUP: 432036
2 6 9 25 #SUP: 423808
2 3 6 9 25 #SUP: 423808
6 7 9 25 #SUP: 432036
3 6 7 9 25 #SUP: 432036
2 6 7 9 25 #SUP: 423808
2 3 6 7 9 25 #SUP: 423808
3 6 9 25 #SUP: 432036
6 7 25 #SUP: 432036
3 6 7 25 #SUP: 432036
2 6 7 25 #SUP: 423808
2 3 6 7 25 #SUP: 423808
3 6 25 #SUP: 466109
24 25 #SUP: 663990
6 24 25 #SUP: 388089
3 6 24 25 #SUP: 388089
2 24 25 #SUP: 612783
2 3 24 25 #SUP: 612783
9 24 25 #SUP: 615315
2 9 24 25 #SUP: 604427
2 3 9 24 25 #SUP: 604427
7 9 24 25 #SUP: 615315
3 7 9 24 25 #SUP: 615315
2 7 9 24 25 #SUP: 604427
2 3 7 9 24 25 #SUP: 604427
3 9 24 25 #SUP: 615315
7 24 25 #SUP: 615315
3 7 24 25 #SUP: 615315
2 7 24 25 #SUP: 604427
2 3 7 24 25 #SUP: 604427
3 24 25 #SUP: 663990
2 25 #SUP: 730542
2 3 25 #SUP: 730542
9 25 #SUP: 733128
2 9 25 #SUP: 720290
2 3 9 25 #SUP: 720290
7 9 25 #SUP: 733128
3 7 9 25 #SUP: 733128
2 7 9 25 #SUP: 720290
2 3 7 9 25 #SUP: 720290
3 9 25 #SUP: 733128
7 25 #SUP: 733128
3 7 25 #SUP: 733128
2 7 25 #SUP: 720290
2 3 7 25 #SUP: 720290
3 25 #SUP: 792986
24 #SUP: 798042
6 24 #SUP: 460670
2 6 24 #SUP: 421716
2 3 6 24 #SUP: 421716
6 9 24 #SUP: 424232
2 6 9 24 #SUP: 415201
2 3 6 9 24 #SUP: 415201
6 7 9 24 #SUP: 424232
3 6 7 9 24 #SUP: 424232
2 6 7 9 24 #SUP: 415201
2 3 6 7 9 24 #SUP: 415201
3 6 9 24 #SUP: 424232
6 7 24 #SUP: 424232
3 6 7 24 #SUP: 424232
2 6 7 24 #SUP: 415201
2 3 6 7 24 #SUP: 415201
3 6 24 #SUP: 460670
2 24 #SUP: 729463
2 3 24 #SUP: 729463
9 24 #SUP: 732594
2 9 24 #SUP: 718254
2 3 9 24 #SUP: 718254
7 9 24 #SUP: 732594
3 7 9 24 #SUP: 732594
2 7 9 24 #SUP: 718254
2 3 7 9 24 #SUP: 718254
3 9 24 #SUP: 732594
7 24 #SUP: 732594
3 7 24 #SUP: 732594
2 7 24 #SUP: 718254
2 3 7 24 #SUP: 718254
3 24 #SUP: 798042
6 #SUP: 888309
6 9 #SUP: 772824
3 6 9 #SUP: 751483
2 6 9 #SUP: 754191
2 3 6 9 #SUP: 733587
6 7 9 #SUP: 772824
3 6 7 9 #SUP: 751483
2 6 7 9 #SUP: 754191
2 3 6 7 9 #SUP: 733587
6 7 #SUP: 772824
3 6 7 #SUP: 751483
2 6 7 #SUP: 754191
2 3 6 7 #SUP: 733587
2 6 #SUP: 774910
2 3 6 #SUP: 753991
3 6 #SUP: 863546
9 #SUP: 1293417
2 9 #SUP: 1265095
2 3 9 #SUP: 1239863
3 9 #SUP: 1267347
7 9 #SUP: 1293417
2 7 9 #SUP: 1265095
2 3 7 9 #SUP: 1239863
3 7 9 #SUP: 1267347
7 #SUP: 1293417
2 7 #SUP: 1265095
2 3 7 #SUP: 1239863
3 7 #SUP: 1267347
2 #SUP: 1293933
2 3 #SUP: 1268355
3 #SUP: 1444294
